300
110
110,223,15
192,250,11
2,216,50
163,252,25
25,180,18
254,291,18
46,60,25
20,71,22
67,256,12
14,164,15
203,246,2
92,226,23
43,208,18
236,287,54
57,112,55
77,273,54
17,248,31
170,220,42
144,176,9
162,291,24
250,259,41
244,247,35
10,241,27
85,294,23
235,246,23
69,124,43
246,274,7
208,299,53
159,222,37
3,13,47
229,290,2
189,260,51
151,264,21
133,250,35
96,225,46
84,99,44
265,291,8
13,73,50
150,269,37
78,247,35
211,243,55
215,252,31
56,300,34
97,196,40
99,199,14
182,296,2
66,297,52
138,254,15
256,283,44
89,244,13
277,283,3
238,282,48
155,273,26
8,170,13
184,200,32
181,287,52
119,268,7
276,277,19
218,293,42
101,239,15
126,175,9
274,280,32
275,282,30
279,289,43
129,231,41
263,270,52
135,169,9
261,295,52
33,292,17
42,182,12
11,287,44
29,98,31
113,121,27
16,117,5
280,299,14
148,176,48
191,262,52
217,227,55
123,274,48
86,245,37
1,272,21
87,237,25
241,268,42
50,298,7
76,113,44
95,146,50
24,231,38
41,240,38
154,278,18
193,226,20
30,185,6
72,140,42
28,149,32
213,262,36
102,287,18
136,160,49
253,277,46
223,245,12
140,277,44
286,292,17
137,272,55
290,299,37
252,287,5
117,209,48
183,268,15
127,269,51
132,151,13
243,259,24
45,132,12
21,23,38
