100
60
41,100,37
29,71,5
1,93,41
43,94,30
44,92,43
85,93,26
21,76,40
80,87,3
8,48,28
9,83,36
3,34,5
36,62,26
38,51,22
89,96,26
37,80,17
24,36,54
22,44,34
32,82,46
83,89,2
64,72,51
78,96,5
82,100,27
60,72,28
25,45,39
61,97,45
58,94,12
46,76,19
62,93,54
28,67,46
14,50,21
45,83,9
7,22,31
63,84,14
69,87,45
49,86,45
53,88,54
48,66,28
39,84,43
23,41,35
81,91,48
74,91,37
52,53,55
2,40,48
57,85,22
68,77,31
26,65,26
54,55,55
66,70,42
87,95,17
72,86,19
70,77,17
40,75,8
90,91,14
77,85,47
15,17,50
50,85,22
65,81,19
67,82,8
33,38,41
86,97,46
