400
250
233,341,17
19,283,30
99,303,25
136,281,6
324,357,24
93,153,42
24,103,40
152,245,9
166,174,45
81,99,28
45,284,46
212,354,10
201,338,21
40,290,30
297,387,4
368,370,6
49,333,54
356,378,9
343,352,38
175,399,21
178,283,26
245,356,54
42,162,25
225,234,45
322,331,24
266,344,33
363,381,47
227,388,12
139,400,51
234,297,13
114,282,18
262,285,1
182,223,44
269,352,27
250,263,39
185,252,48
344,392,35
246,249,53
349,354,19
293,392,1
29,400,33
57,325,33
25,234,27
53,76,14
27,358,43
216,272,10
239,271,43
209,289,49
58,390,19
145,253,21
156,262,4
111,114,21
87,286,10
191,362,23
31,200,22
352,387,33
71,261,9
342,400,4
345,384,12
194,274,27
244,348,44
80,145,3
341,392,51
353,366,36
51,188,24
23,297,4
337,391,22
279,390,2
196,391,36
36,385,45
143,174,31
267,282,23
278,298,24
323,345,25
4,393,21
251,289,16
218,268,41
70,243,1
54,222,28
10,257,5
103,240,14
299,394,54
347,349,32
230,318,30
304,358,12
140,177,18
292,327,22
277,362,42
286,381,52
59,265,35
223,248,29
326,375,36
142,363,24
20,391,41
28,186,23
320,387,11
229,354,48
302,303,7
177,311,22
146,239,5
203,271,18
373,383,23
199,374,53
102,202,20
309,329,9
77,197,54
44,329,15
108,141,40
291,319,1
272,359,37
94,329,50
173,360,11
213,259,20
243,339,16
253,347,13
117,270,22
283,286,24
60,84,4
376,400,36
259,302,9
86,304,2
132,150,6
149,245,54
106,229,10
100,152,13
7,291,11
228,287,35
365,388,14
331,382,41
66,135,34
386,393,7
226,260,28
236,240,46
126,141,23
163,333,44
289,369,3
128,372,16
242,295,16
184,339,45
183,248,33
281,299,11
200,232,14
237,245,20
204,356,47
123,227,1
82,209,1
192,317,49
104,312,20
98,181,43
338,394,1
107,176,38
325,373,16
235,290,51
195,359,22
164,173,54
172,272,32
232,369,21
125,143,13
130,141,22
67,260,53
380,391,35
287,292,30
275,285,2
46,316,24
359,394,25
336,361,42
22,232,27
176,380,5
131,287,54
328,337,4
288,290,12
61,286,29
73,236,15
141,340,35
383,389,17
354,387,38
21,236,48
314,317,13
5,132,18
231,296,17
270,377,3
361,398,4
179,191,26
321,346,47
222,346,48
305,335,54
190,244,5
255,347,45
135,395,14
110,265,26
41,182,48
35,337,26
208,370,29
220,267,44
224,238,30
273,293,12
308,350,19
310,331,4
327,384,20
379,396,34
116,128,49
9,113,46
85,250,6
89,162,9
17,56,38
301,305,50
78,100,39
74,102,52
193,239,7
360,384,55
181,399,41
189,194,45
138,386,3
167,257,12
357,396,7
319,323,11
72,353,36
32,177,9
375,391,39
157,363,37
1,143,2
252,399,23
12,49,38
154,294,8
76,140,13
186,203,29
118,272,49
37,323,27
312,319,51
14,284,21
91,143,18
389,394,45
264,373,11
265,312,6
238,301,5
254,318,15
155,344,48
171,336,34
119,259,2
274,323,24
390,394,38
137,343,25
371,399,55
296,358,15
105,161,9
112,241,25
382,397,44
30,371,6
247,296,11
68,307,8
