100 100
0 26
F 1 T 3 F 11 T 1 F 2 T 3 F 12 T 1 F 2 T 1 F 15 T 3 F 14 T 1 F 21 T 1 F 15 T 3 F 9 T 3 F 27 T 1 F 14 T 3 F 11 T 1 F 8 T 3 F 4 T 1 F 13 T 1 F 14 T 1 F 4 T 3 F 12 T 1 F 2 T 3 F 5 T 1 F 10 T 1 F 43 T 3 F 2 T 1 F 10 T 3 F 15 T 1 F 13 T 3 F 4 T 1 F 2 T 3 F 10 T 1 F 4 T 3 F 15 T 1 F 7 T 3 F 10 T 3 F 18 T 1 F 1 T 3 F 19 T 3 F 35 T 1 F 9 T 3 F 10 T 3 F 41 T 3 F 12 T 1 F 10
2.0
200
34
72
70
38
70
72
81
55
98
91
98
93
79
99
91
99
87
53
85
68
88
58
34
26
45
97
17
51
73
89
97
94
97
51
67
66
20
78
53
97
48
65
66
91
100
72
67
87
22
76
82
78
94
50
62
74
44
81
51
22
80
95
73
49
90
66
76
58
72
29
41
68
93
92
48
54
25
74
14
98
27
39
83
98
92
25
22
76
86
69
70
90
40
79
81
52
57
22
76
42
84
93
96
86
69
93
45
48
82
60
78
45
95
68
67
32
24
99
49
99
55
99
46
83
57
65
44
25
72
73
99
68
95
95
5
12
33
56
33
94
40
55
50
92
98
96
47
65
58
92
88
73
47
45
52
78
48
94
82
57
95
47
88
9
78
65
70
90
97
86
79
95
54
94
54
85
98
59
55
39
33
39
37
32
51
51
78
72
83
98
35
71
98
14
66
93
60
19
51
72
500
78 96
216 196
163 72
14 78
118 52
238 8
18 163
147 0
224 52
88 115
161 98
142 102
167 115
216 47
257 37
218 11
92 76
59 21
144 172
259 164
65 142
122 76
115 177
138 29
110 109
134 66
104 27
188 149
198 66
154 114
72 178
190 49
80 46
100 85
204 179
176 156
156 21
201 61
213 50
159 144
139 136
124 92
94 143
128 62
148 150
225 41
261 31
242 12
196 143
103 122
70 65
245 61
57 17
129 152
210 14
171 105
229 88
261 155
209 26
37 85
256 146
250 20
233 151
39 85
178 15
193 165
181 88
211 136
174 100
152 166
221 84
39 180
131 102
172 27
169 12
148 129
249 59
263 47
135 170
91 68
64 198
136 117
144 117
47 48
187 101
80 63
186 179
158 59
82 4
123 196
195 31
67 36
248 141
117 140
191 143
49 127
198 76
194 190
172 138
104 24
124 96
181 136
216 68
193 69
44 134
240 68
105 118
151 49
107 4
93 29
167 132
229 135
86 38
200 134
70 24
132 168
215 139
152 75
262 189
242 149
211 159
190 30
257 195
251 61
226 172
224 177
234 44
216 199
104 117
238 71
237 76
162 192
59 7
136 140
130 196
245 43
122 85
197 8
71 141
216 99
171 69
51 193
40 179
215 197
236 98
118 10
40 48
108 128
63 7
176 124
157 63
120 57
235 119
218 197
188 188
117 194
141 184
211 8
197 148
187 158
57 81
141 188
111 101
103 93
253 136
67 156
123 198
262 171
152 117
214 20
189 66
113 185
205 47
152 151
85 194
94 50
206 194
225 83
122 12
99 11
243 153
256 196
56 126
123 121
128 169
86 163
161 33
151 8
116 74
168 78
246 113
112 15
218 148
138 49
110 99
162 43
187 10
236 167
192 19
126 96
79 69
178 58
144 32
153 188
202 80
263 59
233 44
84 55
17 193
62 154
224 96
210 58
165 134
253 128
243 113
166 61
192 94
189 97
163 21
197 190
115 29
144 54
211 165
238 128
149 54
165 0
88 7
136 86
146 185
130 63
225 33
58 179
181 154
216 122
74 17
262 3
252 178
197 118
124 167
102 43
190 165
188 7
227 159
110 84
177 35
186 119
198 154
232 47
75 199
194 95
113 71
169 25
101 179
155 82
258 137
202 132
90 3
165 10
217 146
248 178
221 155
59 74
210 28
252 118
253 141
76 129
220 80
108 113
130 65
82 69
98 143
161 162
97 49
133 35
183 179
69 69
158 186
96 87
232 125
253 96
112 58
118 114
90 26
213 74
82 108
171 179
253 110
122 188
186 173
142 190
45 81
136 62
134 140
148 113
102 187
196 194
143 48
141 153
176 57
82 151
136 68
35 97
219 117
182 53
76 24
96 175
124 134
242 182
256 180
104 1
231 35
213 61
228 49
108 76
189 106
219 197
226 157
216 197
237 125
236 147
199 167
254 32
215 91
148 50
137 72
193 77
46 163
103 76
212 7
57 3
141 51
158 1
35 183
260 17
166 126
85 104
223 172
102 7
188 100
171 154
180 100
93 111
229 172
226 31
56 174
133 130
88 54
201 161
172 105
175 149
164 29
107 103
228 121
183 114
247 96
248 166
217 38
175 81
232 68
154 28
119 198
173 102
206 33
103 44
118 199
99 12
106 60
248 15
98 0
96 114
140 191
133 151
224 99
219 161
199 33
141 58
136 172
137 80
257 51
188 8
223 122
102 5
184 41
255 42
222 146
80 165
187 146
254 192
253 147
42 97
59 22
161 0
221 7
203 5
115 30
104 76
246 120
58 26
178 35
200 159
247 19
109 195
70 67
138 152
227 144
221 0
195 43
56 184
263 18
82 27
131 155
117 116
143 4
73 194
212 196
258 39
115 100
184 59
231 31
65 193
161 50
160 98
153 12
106 76
93 54
157 188
88 183
122 89
107 163
115 154
190 195
197 66
126 40
248 129
116 3
30 97
83 116
243 152
216 86
260 98
92 164
94 128
98 83
133 24
158 182
243 18
197 157
114 79
64 124
114 58
246 146
169 116
110 90
159 147
199 121
185 99
60 142
128 116
225 61
72 97
222 3
247 151
181 113
169 190
257 60
243 84
176 161
190 143
98 107
101 128
263 163
163 185
230 138
65 41
219 5
226 118
74 107
215 114
118 108
209 145
127 24
90 38
76 131
40 181
222 1
260 49
28 23
258 183
126 16
238 12
136 31
253 44
112 148
41 69
71 86
165 129
58 136
126 75
78 181
103 187
