1000 1000
0 194
F 1 T 3 F 65 T 1 F 173 T 3 F 87 T 1 F 692 T 1 F 117 T 3 F 112 T 1 F 236 T 1 F 13 T 3 F 4 T 1 F 54 T 3 F 69 T 1 F 71 T 3 F 170 T 3 F 50 T 1 F 193 T 1 F 329 T 1 F 24 T 3 F 113 T 1 F 60 T 3 F 223 T 1 F 21 T 3 F 65 T 1 F 254 T 3 F 148 T 1 F 122 T 1 F 103 T 3 F 41 T 3 F 109 T 3 F 94 T 3 F 433 T 1 F 81 T 3 F 26 T 1 F 253 T 1 F 331 T 3 F 61 T 1 F 113 T 1 F 321 T 1 F 513 T 3 F 120 T 1 F 89 T 1 F 607 T 3 F 376
0.75
1000
148
216
233
235
113
235
89
50
193
191
233
185
123
159
166
102
125
198
63
218
262
159
299
224
263
158
250
235
268
178
222
73
265
31
176
244
229
205
28
275
249
120
245
265
273
278
129
128
272
267
217
226
275
162
219
233
50
256
133
294
95
275
260
282
268
190
134
134
129
114
45
190
297
77
202
128
164
271
104
278
201
264
222
147
30
298
211
230
241
181
111
166
282
260
266
91
276
211
287
171
240
240
151
255
247
207
138
200
238
68
71
297
147
184
167
192
296
287
267
183
235
201
288
221
283
223
89
256
270
275
261
19
252
159
263
229
166
241
152
209
97
113
185
133
210
256
230
283
118
256
268
271
272
179
130
267
189
246
130
293
114
220
80
98
260
250
55
299
215
300
255
229
109
244
296
114
252
256
253
267
169
177
207
255
199
112
224
77
78
265
254
198
69
298
58
252
65
252
26
75
136
132
156
293
225
248
188
85
43
191
224
287
129
233
129
262
241
252
86
286
282
235
124
224
94
181
262
175
160
285
250
295
193
214
295
207
293
224
194
153
146
61
25
47
234
234
282
130
233
75
159
75
296
151
33
178
130
265
267
189
288
278
286
210
242
260
197
78
162
137
157
202
110
273
190
214
217
135
84
80
230
250
236
204
223
131
160
88
289
287
216
198
285
252
241
243
271
201
282
81
225
294
234
227
299
151
87
277
189
57
185
286
257
199
157
21
265
76
251
261
130
110
298
215
94
211
289
192
245
84
274
122
146
118
273
246
247
288
176
75
262
293
223
300
200
295
201
116
98
110
262
187
178
255
245
131
252
147
290
267
194
278
106
269
219
75
236
219
185
174
273
255
282
134
242
214
224
145
193
93
102
298
286
155
188
179
186
260
236
251
134
206
230
279
242
121
182
198
104
81
298
115
233
246
291
215
237
287
189
194
27
144
217
68
133
143
155
285
160
193
252
161
234
156
290
139
148
150
211
209
148
222
212
114
72
211
144
260
126
275
293
114
66
207
91
235
245
81
158
218
136
7
166
264
197
129
275
129
218
281
224
93
280
186
99
224
164
161
282
185
76
122
219
44
291
153
249
271
177
264
152
223
111
191
269
130
32
259
206
277
147
224
168
207
152
217
107
108
59
204
105
150
298
210
230
300
287
234
188
294
236
95
168
111
276
278
210
169
248
248
259
243
189
284
224
241
256
241
283
236
93
43
264
175
177
243
80
142
102
94
120
185
294
147
60
176
204
257
105
161
283
233
110
217
242
54
92
260
210
171
291
272
292
149
299
208
300
272
131
84
265
268
216
278
264
130
272
149
228
284
65
150
241
270
171
196
136
191
207
264
223
126
290
237
224
296
199
177
167
70
212
170
36
230
259
144
199
166
60
159
25
168
222
66
186
275
177
129
215
60
296
254
198
165
139
213
194
19
247
215
174
289
236
192
214
212
134
282
281
242
188
126
157
72
69
60
251
26
196
232
212
223
154
216
93
262
296
232
89
90
298
238
282
132
149
274
240
229
248
120
60
263
170
215
287
210
236
252
228
253
100
193
181
252
279
180
280
156
299
140
18
227
86
246
279
287
269
151
247
195
72
151
180
258
270
225
76
232
296
174
119
59
92
246
132
110
287
243
242
143
131
221
299
257
27
156
41
129
218
195
279
267
225
231
247
130
55
252
160
128
113
173
232
299
295
238
216
289
220
244
233
130
39
179
208
203
203
274
289
174
120
193
227
108
157
74
142
142
295
200
299
268
166
178
237
231
199
271
290
215
256
270
124
66
267
65
202
285
156
279
211
237
213
262
200
239
228
89
227
122
283
118
169
261
283
295
278
279
220
111
204
261
146
209
155
170
39
79
120
213
189
218
95
292
189
269
278
201
296
277
194
180
130
180
150
48
170
184
168
228
218
128
185
163
295
218
216
190
220
240
128
85
295
253
290
275
157
124
144
264
201
250
209
72
253
251
261
107
263
66
208
245
239
138
139
99
299
299
269
247
180
262
280
144
254
38
238
107
250
224
93
216
280
269
261
178
239
244
252
119
275
83
253
193
265
243
152
151
41
206
188
282
72
273
210
122
222
260
151
150
217
184
60
133
258
275
233
247
268
64
158
227
298
102
215
180
275
245
256
286
198
235
69
176
235
284
170
248
249
257
152
221
75
111
229
187
287
286
273
30
228
224
188
266
289
137
245
135
98
216
96
105
216
136
285
244
82
103
253
229
198
292
255
283
133
82
229
173
119
190
162
142
263
90
93
170
158
287
242
265
5000
2082 283
4440 576
9303 874
5812 138
7794 774
1834 500
7052 360
1854 566
2932 346
5907 952
4960 11
9516 6
3595 790
6245 498
8694 717
3190 715
4930 264
6568 329
4663 791
3878 302
8444 439
1072 569
5009 214
7409 152
6014 448
635 588
1329 286
4460 12
1949 761
4025 613
9111 156
9131 45
960 577
4671 128
9379 430
7804 47
5556 166
3252 387
881 337
7200 169
7471 995
5837 888
5402 470
8426 182
2408 541
3310 388
2319 825
8990 686
8812 697
4855 461
3962 611
1326 36
7017 370
8699 333
3398 378
6860 878
9135 228
4149 653
5939 31
8762 109
8750 94
6057 651
3244 821
5852 877
7223 895
7377 459
4673 645
7623 36
5832 604
901 425
9265 188
3689 636
6275 285
2099 697
7249 154
5664 921
3126 851
3667 397
2905 490
5124 779
4321 459
7431 490
9254 940
4959 405
2575 563
994 959
5410 295
9116 725
5977 20
7738 418
3661 501
2025 448
7674 575
2324 723
8842 58
4881 94
4912 187
2485 17
5127 229
6638 309
3478 287
5429 199
6504 817
3327 915
2880 865
3004 395
8406 671
3809 0
2150 16
4236 307
1059 570
8737 719
5833 94
6717 650
7121 202
2926 186
4173 228
5008 334
4346 548
8340 744
5451 713
4524 306
7330 360
8509 870
354 421
6588 764
1050 407
1777 558
9392 148
4364 955
414 263
2636 903
3544 263
4966 788
856 572
8455 859
7291 861
2754 73
1142 354
3501 671
2154 680
7780 324
8522 976
1746 850
6813 715
1310 859
1603 711
7743 748
2765 7
4674 927
8742 457
4918 97
8377 309
7767 949
5825 139
6844 366
5451 820
3996 244
1875 271
8750 489
4221 867
1238 800
6575 914
8135 383
5119 478
2318 867
5282 703
8972 822
7260 159
1292 592
7519 91
4186 966
8755 826
4181 982
7880 24
3602 705
7719 117
3437 946
7398 787
3529 29
7728 503
1461 779
7029 22
6743 920
563 669
3195 586
1741 676
5068 884
3455 749
4644 36
6365 699
7370 381
6818 255
3011 370
9481 153
5416 517
6128 319
2202 69
6685 394
5454 897
4510 709
3612 325
8115 493
599 679
4945 339
6611 461
5192 668
4096 434
5812 589
8455 898
5817 371
2341 4
2050 314
9481 909
5770 907
3596 954
8580 575
5723 445
5171 933
3294 145
5446 470
3443 312
5115 858
5028 622
3018 41
9034 988
3313 201
1136 798
4637 354
5684 603
6304 265
3897 475
3520 596
8323 882
2779 307
3772 156
6486 923
3646 837
6174 890
1778 517
3073 649
6843 276
8483 624
3138 86
8691 373
3133 705
5223 98
235 969
4124 906
1111 837
1505 294
923 904
5496 284
3424 38
6594 657
4273 528
1515 403
9267 956
4627 437
435 663
8951 447
4766 98
4335 442
7721 746
4980 808
8379 429
6850 718
8908 906
5199 284
7997 889
6113 699
4361 7
8992 716
7702 817
1742 245
1559 934
1583 873
8658 345
4254 972
8579 989
9386 289
4391 679
1250 107
8743 467
4201 14
1690 192
8082 960
6143 938
1996 900
5939 551
4331 441
4266 583
6888 979
1885 196
1643 439
5956 917
9156 327
7664 240
2720 760
7022 622
2694 312
7686 857
6365 115
1379 432
7638 770
8166 8
7287 771
6651 916
1300 824
9267 835
1542 971
4630 772
2056 284
7795 784
1145 345
5143 677
985 812
7118 792
1983 389
7272 660
3423 331
4693 639
8475 43
4695 3
7709 128
4882 696
7937 667
5381 966
2214 92
4588 381
3541 819
7777 648
7272 128
3452 777
1260 468
8020 400
1794 592
5535 506
6496 456
1949 109
1187 726
6329 0
5705 130
7092 373
1358 146
4818 995
3916 938
2082 866
3044 0
6877 842
3141 484
7015 63
7564 862
5410 174
2976 465
9266 170
4693 157
6464 12
8610 994
7871 198
506 433
4352 25
6788 694
4544 379
883 414
662 154
5747 451
4633 918
8917 687
5426 950
4523 441
996 52
5238 452
1631 305
2045 822
2580 393
3059 101
2724 507
476 831
273 604
671 77
7141 255
7749 772
9412 638
5777 503
3640 350
3349 352
2725 93
8366 812
3603 687
327 224
4850 317
8936 625
3729 110
3321 218
7285 923
8339 103
3680 646
9353 358
7949 617
2753 751
4125 582
8416 73
8922 93
2623 92
1965 128
7156 724
7535 369
2389 377
4352 999
936 707
9426 596
2080 837
5057 800
3589 285
7224 304
6853 544
4291 8
5044 939
8532 890
1542 873
8380 913
5381 295
1674 556
5508 941
5545 672
3362 905
8076 229
7573 481
453 401
777 390
8332 385
3707 56
9222 330
3040 848
6106 137
5816 70
7718 115
3966 218
1153 443
2344 437
4868 56
8989 537
1267 621
6200 18
5788 864
6877 224
7521 632
9266 62
6678 597
7625 611
7583 409
3442 114
4980 32
3250 529
8613 913
2969 731
9068 819
9366 492
698 570
1295 375
5008 534
5250 833
393 573
4701 62
847 188
4577 877
8250 238
6746 457
4273 916
4261 863
9330 702
3459 530
4187 521
3297 840
5505 227
1947 816
987 245
7828 261
4731 848
9195 903
414 25
8891 151
7596 853
6007 392
3070 329
2347 667
3495 956
3650 950
4743 597
6782 263
1517 767
750 538
6493 842
8484 288
2779 7
7528 957
3755 627
6546 975
9183 500
6934 50
7422 493
7750 349
4509 323
5578 671
3246 85
6241 762
4958 622
9119 53
3343 504
7846 244
6660 308
5216 667
5459 856
9042 20
5941 658
656 529
9266 146
5732 616
6877 353
8840 363
3116 856
462 892
7335 495
813 223
7639 503
2564 793
7250 862
4949 949
4279 370
2710 629
3414 821
8932 679
4028 899
5194 603
5588 414
565 28
3624 737
9122 233
1240 981
7067 351
903 790
4163 843
5374 191
4756 780
4299 720
5940 703
903 370
912 124
2715 570
7470 16
4059 411
668 389
2265 950
3901 692
8726 113
9359 498
615 108
992 872
6635 697
5952 553
2665 733
3460 427
6198 534
4888 746
8675 211
6211 980
2675 397
4608 413
7967 581
1105 586
8661 663
9169 767
5930 488
854 853
8387 885
3375 670
7061 971
4406 59
9372 779
4737 966
9233 809
9440 425
7881 123
7719 989
185 933
7094 208
3731 523
5057 45
6334 167
2227 844
4132 68
2813 895
4389 738
5640 569
4449 598
1462 810
3012 538
5433 805
770 391
6599 295
4269 24
1866 843
2616 166
6741 915
623 373
3596 474
7881 351
8733 749
5716 545
6267 495
615 675
2893 223
557 661
2631 277
2229 608
7708 632
436 158
937 481
1467 615
1559 755
1440 922
6591 952
8858 703
4005 863
5935 63
1174 742
5226 740
4211 228
4459 839
8481 273
1506 773
8183 941
5954 46
5129 435
3761 846
7209 681
7420 592
7060 506
8402 974
5945 881
592 239
6832 791
4953 418
7718 128
2045 466
5174 513
2790 165
2583 841
5899 255
3661 105
3373 77
2401 78
531 485
7241 824
6068 747
735 217
8988 638
6015 559
4196 237
5553 871
8070 595
7335 753
4293 223
5280 166
683 671
9523 616
7267 939
4727 119
1728 678
9055 976
6625 6
9359 620
4943 915
2307 658
7163 680
6250 681
4207 682
5487 615
4326 819
5836 848
3048 327
6466 359
8291 758
4634 451
1049 628
3395 423
3005 707
1993 48
8614 385
7736 254
3898 667
6660 851
6904 920
1462 822
9434 707
6073 195
2482 696
5322 126
3387 564
6090 416
8001 96
5988 758
8282 177
6909 54
8271 804
748 563
1366 723
6096 121
3732 945
4441 714
6152 355
2767 518
9042 486
561 571
9361 524
3559 954
9169 813
7516 529
1029 322
783 605
1577 211
4890 263
805 754
4929 661
5096 436
5298 953
2051 246
1665 732
7685 206
3573 684
5241 357
5421 243
7612 237
3816 990
2853 453
4409 249
7073 970
554 99
2579 302
3818 698
6229 574
5478 31
1753 50
306 820
9008 699
9234 298
4551 526
5229 428
7921 317
6910 664
6215 746
1088 475
1579 692
4156 924
3646 580
7057 892
8246 842
5998 738
4717 947
4319 5
6135 412
1662 111
5548 187
5855 458
2199 0
9471 400
2484 508
1858 42
4923 833
4406 593
6549 116
6916 732
4394 47
5319 465
9333 456
699 793
4224 706
2217 36
1278 252
8615 427
5727 580
2995 818
5799 644
3894 471
2517 903
4821 612
875 912
3253 960
7991 570
991 669
6623 293
3592 509
3129 150
7253 425
6916 978
9156 911
4498 145
3039 890
1627 446
9148 203
1266 660
3812 924
6387 910
1511 406
8279 510
4401 917
8301 955
3742 574
4839 626
4441 384
7700 324
8484 189
3922 852
4411 235
5128 962
2661 104
1512 8
1444 424
5080 502
8950 792
6822 842
8329 909
9000 385
335 587
8191 438
8764 211
9053 781
2693 583
8297 643
284 822
3771 897
9498 316
6509 516
876 227
1589 920
4612 190
3860 847
2180 349
243 831
9203 570
3703 849
5914 239
8854 520
1811 478
3202 668
2132 280
6837 917
7060 241
8590 256
7105 658
314 223
1818 412
3776 493
1158 439
9200 553
738 938
816 28
4682 891
6945 432
2956 288
928 33
4590 845
8414 885
677 154
4401 905
8826 831
9176 462
5930 612
5602 749
1068 291
6515 180
6382 334
6272 505
5377 921
5329 131
6958 704
5814 657
5236 259
7580 509
4919 474
6979 132
8733 381
9177 674
6465 634
6750 302
7415 975
1883 198
5848 638
6073 543
4426 417
3958 959
4185 730
1807 811
6894 377
2939 26
6178 637
5161 92
4399 896
6981 608
7796 967
3694 246
749 189
1132 358
2112 806
1315 813
5268 799
6927 576
8236 903
4142 298
2196 200
4607 45
4020 83
9520 133
4301 734
6047 649
2099 384
6842 701
779 697
1350 476
9015 887
5662 640
7447 432
4381 493
2399 351
8163 876
3482 847
2985 176
6641 684
2705 639
1539 546
5302 606
3173 893
4753 441
5297 605
3127 344
1408 279
5386 503
4789 691
5115 950
3675 445
7719 386
367 889
1342 78
7035 491
8730 386
9323 615
7621 837
6728 981
6725 969
3257 581
9512 876
1463 763
1552 504
5318 580
1250 632
3967 69
5228 405
4218 876
7678 835
5635 473
6295 844
384 891
5469 447
2823 528
8790 515
9359 395
1172 794
1905 533
2501 650
6688 862
3771 127
3657 50
3527 836
6949 879
5659 297
3838 276
5266 842
3197 863
5361 647
9155 58
3828 998
7517 611
616 998
3201 62
9131 905
2290 790
1130 351
8504 702
7769 572
2048 724
5206 168
9264 465
1621 473
869 479
1250 571
5742 154
8558 548
5662 580
9286 331
7822 76
2939 628
1029 354
8469 842
8584 190
5162 957
4136 113
4321 637
4186 211
6328 762
8007 472
1653 751
329 40
5753 26
6292 881
6624 117
1546 258
1279 936
440 935
3451 82
9397 927
1197 541
3048 536
4882 885
3478 308
9149 967
3264 330
8719 108
2376 339
8765 695
1857 48
3083 619
9344 925
2008 536
4788 22
982 587
8732 435
3064 873
1269 536
2440 472
4701 458
9177 33
3576 455
3057 766
7888 171
4267 764
5129 852
3207 851
4424 822
2612 38
4900 785
7037 507
1153 10
9049 588
5339 975
5588 801
9060 957
4172 127
5842 61
7817 76
8369 120
1494 791
3117 402
525 955
5487 861
2106 858
9036 556
2732 323
5937 508
8734 335
1184 850
8453 48
4059 927
3598 762
5020 41
7326 140
1511 178
2861 77
7509 798
4020 573
9101 674
2711 218
7094 332
4386 168
7047 88
4960 242
6061 403
2830 182
1466 365
2980 25
7389 41
355 774
5961 292
2141 634
4520 739
2051 464
1586 715
4607 388
2852 633
8958 232
2148 238
5805 96
2682 655
8656 638
504 830
972 613
2147 539
4553 195
404 987
8191 678
8758 470
6359 785
6720 759
4726 12
7345 942
8454 645
3225 891
1509 646
3534 663
1288 162
4620 929
2984 638
3437 314
5180 181
2253 547
1740 661
8442 529
2753 657
8754 689
9362 503
5460 229
8478 203
2005 741
1938 202
7315 745
4178 195
4567 36
2730 382
7019 756
9426 79
9293 965
1196 690
7436 784
375 242
7219 528
2838 511
3677 642
1524 972
3224 632
8364 488
710 971
5693 228
4167 408
4230 509
6866 390
2664 711
631 364
1564 865
6241 971
7911 473
5561 211
4688 792
2797 434
5203 993
8342 696
5498 985
2568 685
3355 483
8525 427
810 646
6680 444
6558 89
8086 53
1211 24
7964 456
490 715
5470 44
2918 657
951 191
3095 769
6001 614
3417 556
3491 205
9132 991
2782 766
8230 572
6353 2
4029 841
3338 204
8873 379
5305 356
6111 74
2213 47
3885 12
8961 518
9273 294
7557 699
5944 600
3644 938
3706 992
2515 657
8216 368
6255 662
8471 366
764 121
1125 650
2724 976
5130 93
8159 807
1808 321
3773 595
7269 612
7434 950
5854 494
5067 617
383 35
2428 870
4951 50
6669 204
7792 274
7810 947
7361 477
1604 861
1447 157
3903 934
9500 709
1189 779
5215 723
1673 650
5270 875
5572 302
8603 785
1323 728
2732 230
3704 77
4328 432
1545 582
768 548
1427 387
4098 474
7930 579
3898 630
8392 75
352 582
1826 926
3989 942
3520 729
3887 48
4276 456
6856 388
4508 340
6844 579
3602 172
490 494
9344 501
8650 727
9477 856
2452 638
9022 482
8101 979
5063 331
5921 989
5036 996
3067 414
5159 283
6879 95
7722 784
1972 249
2940 697
4445 728
8627 114
4558 957
2014 42
8364 745
3195 978
4634 126
3998 830
7059 62
7147 795
5711 380
5093 106
1651 697
1371 336
3362 300
4847 694
3373 790
6434 461
7575 259
5555 827
7482 394
6032 820
6221 335
3300 202
8424 381
4760 967
4136 671
488 841
8859 162
2152 496
6675 673
1385 869
367 442
514 441
1843 764
7784 250
197 447
5214 204
8205 869
1571 781
4589 856
9090 983
8767 512
5026 677
3246 129
5200 486
1101 263
7548 372
8298 228
5198 687
4917 982
6565 716
7575 870
4779 790
1782 652
3959 444
2850 462
6568 27
2325 393
8801 621
3324 659
884 597
660 576
2283 521
6090 178
1409 384
3595 915
7141 764
2524 681
3103 542
4562 446
1850 785
1071 639
4382 509
4268 550
5806 121
4951 899
2335 584
5472 50
2230 101
3362 999
2631 747
6668 785
3486 910
9425 738
7150 583
6557 323
5184 761
6360 608
1930 719
628 834
3420 673
1612 509
2830 249
3686 548
1100 357
1461 666
8287 875
1320 429
3974 769
3154 482
7862 343
9431 610
1171 29
7049 528
5722 458
2564 804
3725 295
6101 513
6001 265
2577 511
4879 621
4395 438
3709 256
5727 484
8797 272
7128 394
8509 877
6249 725
6302 730
7573 619
1559 5
3491 595
9030 40
5623 420
711 32
895 709
8115 913
5340 590
8514 128
2546 320
5637 819
6828 932
6091 195
3320 162
3163 122
4741 406
8421 294
9398 760
2954 176
8537 451
5666 638
7181 510
6103 129
5801 91
6941 443
4240 110
2133 58
4067 13
4729 550
9159 347
2708 520
2442 407
8273 681
123 433
4196 368
2586 367
8512 293
6252 498
8724 400
696 2
8068 650
1646 622
3598 483
8538 848
3732 25
5835 678
6629 257
8537 974
2364 140
833 572
706 352
8020 232
867 732
8009 572
5340 202
7847 86
6810 181
1884 188
2770 837
4157 493
3521 540
8668 46
6326 641
8347 470
4631 148
6567 168
579 717
6083 83
4226 102
6725 795
1226 507
8910 162
9472 854
4176 874
9055 750
4227 524
2251 327
5295 174
2278 231
1813 409
5165 911
6436 449
3107 144
765 768
1265 970
8898 439
8911 450
7814 113
7865 469
3600 637
6552 319
4513 450
9083 291
8581 732
9440 706
5031 282
2625 230
962 758
7975 759
4092 817
7626 754
919 356
8263 225
3589 118
5308 876
4920 389
7019 794
7747 103
401 109
4137 603
5594 939
4419 327
354 604
8259 690
3450 261
2323 209
1043 229
1326 329
1051 296
4550 831
9152 277
4675 480
3719 864
6470 603
6861 845
859 881
2275 803
9488 382
735 328
8909 823
2325 172
8423 637
9426 105
3999 993
7035 529
1942 96
3352 369
5385 570
4932 544
7622 334
3803 644
1560 501
1595 565
3350 427
1138 231
9328 265
2487 621
211 110
6928 822
799 982
424 590
4915 2
4937 470
5782 875
5789 749
1021 874
6812 741
3526 475
5415 29
585 527
3600 848
7726 674
3668 156
7357 600
1714 327
7041 178
5889 257
5440 279
2439 985
6475 119
1782 951
1815 261
4037 220
3117 263
7959 361
8671 557
1878 352
4103 584
7112 74
3850 15
1940 251
3954 812
5720 711
761 668
8873 394
1123 989
269 977
516 555
1965 730
2020 41
9020 343
4564 309
6264 404
764 221
2002 812
4179 408
1853 993
4396 189
2740 458
7647 182
4249 474
2052 335
1244 881
8442 524
6537 377
6987 46
8762 513
9439 633
1968 513
5386 348
6573 527
4789 438
6228 220
3077 730
5938 540
8599 690
500 468
8104 798
7378 292
6094 256
3603 818
4243 58
4454 811
782 516
3210 917
967 338
3100 691
9324 178
1614 853
3756 185
5879 729
8719 547
7339 269
7166 997
6862 568
790 800
4932 351
7650 588
9219 628
5704 460
718 237
7432 807
2124 879
3633 491
5716 970
3204 809
2859 229
2979 707
2816 718
3786 826
2100 274
3590 422
4477 268
5793 274
4211 852
5089 134
653 857
7522 957
4858 963
7068 459
3321 773
2126 510
7537 44
2379 939
2727 538
9056 166
3526 528
1519 783
4807 31
7918 521
6242 520
253 698
6601 498
3086 289
1233 248
8839 718
1758 584
4748 591
2841 369
370 582
6720 67
505 8
1523 80
2117 633
2981 454
2936 145
4882 132
2841 280
1109 420
7653 446
1696 819
1838 289
7272 648
3249 679
780 550
2073 619
3409 493
5012 12
3792 356
6383 597
3752 673
4591 52
4093 995
2718 264
1137 445
457 461
3240 930
9004 600
4768 382
1959 922
2421 641
3602 667
8880 434
2252 469
8742 566
2535 871
7923 335
8905 501
8956 917
3193 845
4442 629
1398 562
5099 223
2518 819
8357 447
4317 847
7917 261
1673 29
5594 723
6145 171
7537 786
2370 219
6682 612
4011 339
4657 857
8745 554
3060 564
7321 69
4293 690
4861 828
7456 256
2051 678
7468 732
6743 306
4984 527
5208 417
6180 602
6968 425
7213 645
5850 10
1505 563
4973 124
2162 631
1153 9
5615 789
2222 766
8160 166
680 123
1280 143
4048 769
3605 423
8328 340
5766 483
608 299
4510 562
5003 137
7264 69
5312 510
7943 315
4750 57
7124 510
557 405
452 709
7216 857
5226 603
3628 528
1117 244
249 35
836 697
6347 117
4513 280
2485 266
4730 314
7553 961
4209 118
4706 787
5737 611
2261 609
5058 759
7995 703
3503 199
8955 639
9462 110
3762 54
1385 431
5020 326
8927 914
2367 488
3414 791
6384 524
6317 470
2646 811
5009 355
8822 852
3550 9
9407 745
5552 218
7894 763
6296 936
2470 302
5425 120
8581 284
2686 722
385 319
1924 836
6716 928
7363 672
5812 369
7518 878
7441 501
7948 807
9468 61
7879 709
3215 192
6793 101
299 921
7152 26
8300 437
6821 604
5971 174
803 405
3456 899
7413 113
7615 114
3837 539
6514 264
8364 332
8086 593
200 701
7011 928
5710 824
3444 156
8035 413
3340 539
2560 448
2269 912
4386 187
6752 103
8607 775
3673 749
6577 750
4759 435
1777 169
8517 957
7593 13
7528 836
7977 891
5125 238
6999 873
9008 38
4673 546
2435 529
6086 277
6787 893
7303 519
966 338
1915 82
4044 974
5666 520
1189 548
6547 531
9046 494
5384 388
5448 88
6816 140
5538 839
7809 113
2516 659
8131 963
8412 158
4796 846
8395 19
1194 329
8769 656
1125 503
7664 156
410 741
6285 546
1841 452
9262 664
7759 792
624 732
6482 360
789 980
6975 176
1405 681
237 630
5401 545
7300 371
4982 416
6635 91
5196 560
6820 867
4490 318
7441 379
7880 307
9178 658
7174 876
441 487
3483 147
693 376
2551 762
4584 574
206 672
4536 370
2840 200
4797 369
7256 573
3612 966
3444 470
5803 740
4263 715
1814 629
2284 731
8533 349
5994 198
4560 536
5115 179
6534 83
1708 83
5261 485
4344 694
970 465
3328 1
4870 113
3852 501
1366 615
4401 391
7019 500
7148 330
8939 969
2014 769
5222 633
596 800
2837 283
5618 826
308 26
8577 462
1225 580
775 867
8865 726
5590 675
5451 591
1563 916
6984 86
2488 750
6637 282
911 847
3173 826
4323 982
8598 53
7648 427
7012 74
7171 723
7454 194
1136 459
8153 86
1737 416
659 497
9420 804
2125 896
3689 830
4013 879
6265 795
8482 312
7858 900
1138 412
7012 803
2195 764
1576 297
4614 487
1292 9
8118 214
4049 414
4959 975
8871 443
8473 112
5481 505
801 290
9111 0
5157 865
1574 593
9451 38
6508 886
586 568
3917 428
6236 604
3409 958
3580 529
6033 683
6612 359
1736 616
9521 213
5879 144
4421 569
824 968
7279 139
4725 325
2849 430
663 278
7572 590
8286 268
7076 49
4215 893
4283 311
3488 871
6935 297
9388 624
4038 729
5619 76
1590 935
425 602
4010 247
222 251
4906 628
7396 691
1213 850
8043 323
6685 725
7521 377
6571 326
8561 628
6632 695
4743 465
6220 874
9399 380
2903 540
6349 936
7334 240
1039 724
604 637
6509 226
4995 131
7534 428
4896 767
632 525
8034 546
5394 781
8024 615
2589 753
8217 70
5062 694
7418 180
7932 689
3450 170
2932 686
2120 58
7976 469
1824 495
3123 397
3240 858
3415 392
6675 323
5356 141
8153 9
1652 571
6389 524
6805 943
3145 447
1456 848
715 482
4844 868
8619 895
8771 836
621 361
211 619
5860 272
9111 441
1197 46
6834 146
5324 265
6701 574
933 963
4304 227
5042 793
3745 214
5436 735
3062 434
6246 498
3966 590
479 863
1195 365
2578 815
8643 341
5222 683
3073 22
2018 941
2429 635
5100 91
5952 903
7093 83
425 877
4580 764
8366 114
8797 91
3931 602
7342 539
2343 515
2968 376
2212 64
7555 729
4368 146
6590 615
2167 517
7076 729
4684 532
7114 667
7159 619
9502 920
1953 920
7402 653
2344 863
3675 914
6994 96
9133 918
2891 661
5967 981
6614 745
5726 523
4108 554
8721 261
1836 14
6619 958
1609 926
8814 21
3549 427
8718 792
5058 271
6274 513
4879 464
8668 80
2299 150
6334 312
8246 395
1740 507
6394 752
257 594
7894 337
5115 670
6542 606
8598 292
6581 760
3765 165
2806 73
2435 186
1818 527
4938 204
4730 719
3197 237
8085 222
1255 886
7143 254
7936 432
3804 943
6116 986
4018 111
6304 100
1539 493
7758 543
7585 704
6929 696
7575 117
1579 950
4606 46
6846 264
5584 549
7471 137
8774 970
5554 738
3683 757
8727 398
2426 161
2563 790
4635 208
4695 499
8889 191
5436 781
5475 690
3468 724
3243 960
3179 748
2452 664
2578 738
533 468
5607 675
6356 601
6651 899
7477 162
3247 310
9502 703
3319 620
7375 483
5413 588
6698 687
8454 823
6557 575
6483 396
6845 882
3972 92
5924 74
6241 270
2646 492
3667 618
1642 579
4475 107
2349 255
5436 343
9147 140
2662 499
7039 994
3764 140
6661 782
5362 546
7842 695
6078 287
3499 920
4613 384
6093 246
8282 378
154 185
2672 270
4343 895
1178 808
4600 343
8348 517
5331 123
2736 813
9315 105
2378 895
1675 57
1463 396
5780 510
4424 878
4046 56
3351 184
6809 247
8034 113
898 509
565 483
6331 3
7982 714
514 147
1733 50
210 899
6471 161
964 831
8503 838
3067 368
8916 537
6315 80
8083 278
533 925
585 4
9180 259
6741 932
9409 620
3970 864
803 448
2499 272
3291 626
6414 301
8272 789
1123 723
8298 158
3243 693
3365 345
665 893
1614 635
7549 752
483 922
4944 980
1319 762
7797 977
8288 836
2606 720
4234 822
5606 383
9413 263
2693 762
3218 419
1955 436
4252 510
8780 686
3665 293
3994 295
611 366
3860 819
8812 633
5122 192
1339 788
7375 62
6396 855
3733 32
4329 678
9071 76
6233 771
2785 144
1902 253
3432 76
5910 185
4551 467
6507 771
8727 120
1398 186
6248 377
7700 551
4776 1
717 98
7477 791
8203 431
3743 992
5664 825
4063 250
5142 928
7765 602
1040 575
2104 518
3220 97
8219 995
6679 944
3037 711
5297 627
4592 5
4885 573
1531 276
6906 567
8488 688
2814 388
1064 905
1902 371
7830 500
409 436
1083 403
657 61
3228 200
8425 679
2066 823
1914 425
4129 981
6866 133
8842 247
494 658
7879 974
5232 791
389 417
2944 730
5046 457
4299 495
2050 661
4517 491
4348 786
8772 917
7963 505
9200 851
1907 511
4464 145
4987 250
8254 496
5594 340
6057 907
8328 919
6793 951
6380 534
1627 623
8795 558
5802 700
8971 823
1928 484
3859 672
8959 851
7102 53
6051 179
4634 191
4988 727
7443 536
3068 62
7911 776
3756 18
8063 310
1522 70
3280 461
2403 300
2878 150
2421 297
734 528
1899 430
4828 685
7056 732
8200 720
1088 404
4974 648
8643 123
3382 986
9092 636
6939 939
6948 711
3499 916
6480 441
6866 155
4273 330
6894 118
1385 322
3758 744
6723 570
6597 799
2631 771
4308 646
4371 30
7620 486
7286 39
3306 305
6960 561
371 689
8515 662
5591 329
7166 241
5790 516
3223 765
3572 83
3755 963
5897 834
6325 458
5393 501
3732 631
8069 591
5492 777
2802 122
1083 969
2763 876
7722 993
1176 837
4800 471
1688 741
6771 128
2928 696
4536 428
8779 960
4873 638
956 413
3185 209
1509 486
5567 612
237 175
1229 68
8753 593
5622 1
5440 118
9099 850
6793 680
5703 814
7059 948
1053 69
8310 738
3002 281
5101 252
8672 51
1208 194
2144 522
5831 5
4688 988
6945 863
8683 589
141 148
7276 207
7514 709
8542 872
3710 97
7027 456
1052 978
3695 357
2982 656
6277 273
6461 545
7785 52
6261 14
5968 133
7004 211
8674 230
3291 292
6284 797
6332 744
7307 505
5792 435
4381 525
2147 371
4556 179
2271 312
685 883
9422 903
9438 475
1017 139
7389 399
6531 797
9157 911
7171 502
757 561
8504 208
7082 995
7854 963
1707 54
8373 904
5526 641
7011 961
3374 304
2208 673
4558 755
2685 367
6591 600
1544 105
2250 369
4277 919
4357 291
7569 629
4285 755
735 330
5463 678
4405 708
3648 358
3324 983
1308 828
9046 838
9462 323
3399 508
8224 158
1951 409
5136 221
4522 34
1172 159
3111 911
6279 586
639 205
9328 358
8494 28
8233 866
7109 989
7484 135
5819 942
8555 261
8164 975
1670 102
2789 763
6870 142
3481 173
4337 941
8005 281
8761 950
2266 927
7865 897
9419 125
7807 434
751 307
832 292
3857 876
3447 195
2916 653
3352 254
6640 613
7797 574
6154 388
1606 926
5011 80
1702 944
6928 446
9450 569
6254 147
4800 869
8485 957
1137 617
2503 863
5871 154
4613 744
4874 685
933 811
7590 956
5658 265
1833 927
1503 520
6301 815
4838 369
6224 136
6449 703
8023 468
4124 830
3630 546
4730 881
8332 351
1080 968
714 165
2250 432
8879 945
5107 868
8181 967
9438 149
4318 708
924 260
7767 771
3163 2
5222 981
2424 895
3034 290
5144 575
8768 131
6232 279
6045 706
1179 64
4009 278
2459 815
1789 661
3558 784
4889 396
420 778
5856 26
7165 600
7009 269
273 798
3413 619
4351 878
8581 343
8898 246
8892 689
338 783
2173 761
7535 481
7738 774
2705 244
9418 546
2462 465
6634 283
8664 306
9296 452
7646 162
7270 587
3369 393
6039 523
7545 324
4249 517
5805 780
8358 395
6318 370
438 505
6952 99
7299 865
5175 921
680 365
4431 982
6565 120
8199 421
6626 862
1342 933
7628 963
2482 763
104 461
9180 808
3167 28
2457 876
8151 158
2015 263
5447 228
6823 581
2221 445
2178 369
6814 509
7255 686
266 362
3392 803
5635 639
1106 706
5473 66
4277 913
4436 725
3086 419
9093 225
5835 905
4142 717
8076 2
2252 246
8879 854
2194 323
6890 148
8690 248
3983 230
5517 586
4894 24
1359 661
1238 100
7763 620
4351 559
6155 876
8114 235
1243 755
957 98
4421 577
9024 185
6117 383
1792 887
5213 820
6845 289
3056 495
1196 666
6454 258
8169 430
1715 62
274 178
6568 852
7195 257
2858 502
5687 54
8712 479
8336 694
3928 308
3941 206
2687 463
6072 306
343 933
6810 131
2414 925
8578 200
7297 353
2080 681
967 716
4709 908
1039 469
2603 457
9183 120
8687 992
9420 818
6118 680
7149 279
2557 795
6900 15
1090 465
8023 62
4973 768
7361 805
7030 196
6226 325
5225 927
7575 566
2573 531
512 312
6737 18
5021 309
7726 984
2328 753
9355 356
6617 573
2267 277
6792 454
726 364
7189 223
830 183
232 839
2484 42
807 335
6330 120
9272 573
5907 275
7210 557
8340 596
1917 415
3091 299
3348 320
9162 325
7061 400
1369 222
3444 93
3000 492
4809 675
6648 615
6898 581
4629 276
4269 333
7294 196
1643 231
9365 839
3025 166
5871 885
3752 725
6188 940
8152 994
4792 105
215 923
2096 847
5059 27
1530 804
4667 167
2184 179
4428 354
1011 816
4955 297
3524 683
8215 221
7192 730
6935 890
4724 939
3648 652
1761 888
2805 415
3878 471
6841 693
2733 517
1451 360
5858 676
7068 77
3331 194
6741 907
7050 930
2665 419
6873 681
8299 237
2947 799
5890 671
7712 576
925 851
7198 791
6327 132
6110 216
1462 110
8767 127
4336 247
1633 243
5938 537
7454 607
3644 539
6734 763
610 997
4804 543
3096 871
80 470
3061 772
5488 771
7490 605
453 794
7544 394
6538 244
7411 599
6918 236
3767 701
7645 436
784 42
3192 83
1370 181
1161 917
6136 53
1761 392
7241 785
8821 514
8215 568
6478 337
2611 166
8040 930
3751 952
7180 920
8033 977
7327 822
1630 814
5913 658
7057 208
711 993
4113 626
5881 982
242 971
9046 262
2691 814
2067 286
3805 393
3396 767
3558 142
6219 315
5669 891
3888 733
1206 476
1175 909
7253 748
2923 977
6020 934
8329 128
472 464
2346 516
7576 257
2899 7
2170 100
4039 464
7510 987
881 70
8594 79
1800 666
6066 981
7627 465
6909 592
3039 922
4658 573
3731 294
1691 98
8215 818
4324 990
8194 261
3640 961
6217 263
4639 364
2955 701
223 991
1322 173
3073 12
8089 102
6280 97
4186 213
1730 783
616 662
4678 335
2385 806
4249 666
8196 458
7780 67
4889 677
3099 417
1380 855
5352 156
4954 801
2191 449
9513 927
7773 790
8929 941
7897 109
6589 671
8304 536
8082 329
1721 332
3443 216
1905 85
2617 504
6244 754
7749 781
289 239
5172 205
3542 149
1788 263
1932 899
1384 536
6519 378
6488 178
7869 282
2135 565
4859 639
1394 716
5782 764
1313 941
3851 14
6153 280
4047 235
5439 253
3391 771
996 244
8826 885
2460 787
2930 423
8584 58
2000 453
2335 154
373 201
6073 787
927 740
4545 408
2214 747
2588 782
3079 158
6693 893
8092 787
5241 138
6011 17
3814 35
1114 675
3058 132
9169 46
8290 624
3322 986
7120 802
4262 892
3152 818
6450 7
6704 919
525 775
2715 877
3171 766
1659 663
9196 530
8632 910
941 301
1055 385
4821 874
603 761
3057 907
5761 193
7509 820
4730 663
8359 470
1248 427
1420 720
4273 878
6966 302
5525 966
8920 691
2894 697
7832 953
4303 163
6187 515
8390 509
8681 32
6619 504
6856 914
364 939
6457 850
6690 394
1849 82
5288 158
4200 573
4687 486
1233 637
8158 54
4561 413
2231 532
9456 260
2934 57
3457 403
2743 343
9153 764
6952 479
3422 69
2439 612
5871 148
3869 647
2906 814
8621 191
7153 514
4962 400
4889 549
4404 623
8161 40
2404 853
1077 847
8813 72
9036 806
3771 687
3936 379
2697 893
3059 407
332 196
3704 343
1343 240
471 943
6001 910
6948 439
6120 908
5927 274
1985 573
7049 369
2395 949
4837 696
3284 272
3131 933
6175 589
7915 901
5342 33
3447 540
5833 175
8083 63
8468 166
5734 42
6868 923
1505 190
8761 163
7042 484
738 768
8782 979
7409 649
9400 819
8147 725
4366 759
8809 152
5003 883
3012 367
3232 680
8037 379
1165 762
4357 884
4550 127
8988 183
5960 774
3961 319
2552 391
9254 315
7084 615
3626 620
1820 994
3189 889
2092 192
8248 537
6632 118
9449 3
4876 679
3859 508
5488 493
269 520
4169 26
7701 537
5159 284
2866 565
5236 346
7354 788
5277 298
4758 634
1510 372
6312 553
8643 65
3150 28
7919 54
7715 240
4738 453
2153 286
8825 704
75 56
6905 858
8031 182
3934 648
2886 243
1892 354
5148 775
4102 848
9005 362
5099 898
3262 771
6235 866
3042 763
6513 788
7360 405
2575 141
7103 132
2001 935
5994 695
6765 6
4433 36
3210 210
1013 47
7827 373
3225 670
3325 409
8686 991
9154 325
8242 611
9113 131
5515 821
7815 528
9222 87
7139 472
1097 720
5745 772
1255 266
1141 333
2598 984
3523 460
1436 73
3049 145
4239 238
6459 831
5074 730
1646 572
2092 517
4832 924
3963 908
2439 422
3552 913
2353 6
1502 634
2511 12
5437 924
4067 15
9372 74
8770 866
7341 871
7862 429
2451 171
2413 802
8904 49
3618 254
9483 886
6682 607
5491 132
1911 258
3541 214
1293 539
3946 653
5267 209
2367 33
4859 20
4028 131
3261 790
8378 462
3897 634
1591 8
3592 834
7303 55
6672 131
7519 65
5784 940
8974 364
7044 337
590 145
5347 607
3800 456
5890 753
7027 172
6213 321
4603 544
8511 718
8633 546
5824 715
6935 343
6917 794
3064 822
4490 470
1806 299
117 901
7810 926
5267 762
3430 327
6578 232
6177 151
6761 98
5634 387
475 958
1619 688
3322 738
2006 731
5089 250
2794 781
8423 772
6751 769
9409 616
7195 528
8859 121
1562 289
394 866
1718 319
5042 102
3261 83
4716 527
2244 750
5300 388
8633 37
7166 355
5969 835
5789 123
2537 158
1146 475
541 138
6006 323
8321 497
7508 989
7379 686
2212 223
2518 416
6228 350
3376 179
8765 546
7916 787
9280 973
1974 510
7012 708
8543 26
4344 727
1143 255
6381 559
2952 246
921 421
1436 17
3334 913
6170 611
7438 158
6261 536
367 327
695 329
6489 518
3881 877
3741 336
5322 774
8209 427
5000 94
7906 664
7697 323
8737 260
7429 647
3094 432
1016 531
2163 688
6460 356
8052 27
6354 381
8840 943
6112 983
6385 581
4511 509
7182 869
1392 477
4980 814
3420 81
5797 156
5844 239
6442 316
9318 779
2067 116
7698 831
3040 872
223 274
7574 200
8923 383
5713 801
2981 790
5326 532
4911 383
8183 913
1569 737
5801 582
6730 370
6448 847
5525 234
3921 933
1955 73
367 587
8660 374
341 382
543 69
5510 301
3689 172
8369 250
8447 12
1093 827
1431 851
447 27
4000 821
8651 876
6094 901
3146 733
3552 957
1607 804
9114 584
9003 110
2647 753
6096 358
8716 190
7901 955
3280 147
3581 819
1240 173
506 569
936 943
1389 426
8183 540
2312 990
5758 327
8710 624
8531 364
3912 753
5676 329
5369 401
3454 858
5659 887
6106 661
2754 603
5320 139
2623 764
2148 934
3870 760
1722 929
2737 496
5002 456
4015 753
5526 297
9219 869
9379 197
2715 326
4233 752
8914 956
6293 961
3109 700
3927 32
7302 154
6845 292
7978 42
6244 517
9253 875
2233 143
7372 238
6406 397
1362 235
179 416
3679 317
8484 518
1373 130
7541 368
6003 910
7956 767
8448 770
2196 808
5593 192
9359 447
5947 513
7924 671
8758 95
7396 694
1633 284
812 776
2608 82
1263 765
4381 693
3161 888
1200 200
1554 335
8545 705
2452 417
5074 264
4002 466
3356 399
3345 732
9351 671
3034 687
1531 784
4578 704
3612 415
6328 834
4000 554
3347 316
3494 803
2260 499
1671 701
9040 505
7816 839
8648 500
2096 517
2209 25
5125 942
6624 837
1210 790
7599 610
6647 29
5016 402
1065 169
8178 977
6722 937
2065 350
5815 152
2135 567
1064 188
6189 688
3150 223
8402 998
1286 80
6175 879
7317 791
5341 766
623 624
5042 621
1096 417
7058 612
9202 511
6268 874
3369 737
7115 584
2794 370
7853 769
2704 615
5933 575
5432 92
276 112
3539 102
7191 203
2151 635
6388 842
6754 76
8628 409
7838 633
8544 444
7396 841
8836 313
5573 682
7293 695
8346 354
514 913
8152 968
8033 65
5601 290
3898 539
4502 652
1209 679
226 725
4859 171
843 120
1854 237
3827 167
9429 463
6448 600
6020 379
1364 125
6492 506
8219 59
319 663
9078 610
5379 647
270 302
7007 703
3362 622
1890 460
2762 545
197 31
7138 221
6004 403
4180 827
5037 724
644 662
3411 970
205 973
8048 865
6681 558
4434 176
9298 34
9127 766
1225 441
4151 751
4055 121
4001 232
5706 310
7018 725
2747 658
4941 226
7605 456
3456 436
547 890
8807 409
4940 464
568 729
5541 620
3081 998
9287 494
3220 886
9421 959
7083 697
3323 944
8244 270
2105 804
6504 804
2878 294
1384 931
9134 98
4205 5
7384 975
6135 740
218 616
9430 277
2213 923
2549 314
5518 548
5992 23
1622 596
3252 234
6790 646
7406 696
6060 392
1571 840
301 248
5971 364
5370 598
7495 810
1670 232
7875 886
4804 951
4462 194
3078 239
1244 239
4082 625
1743 147
5240 542
7763 271
6988 540
2842 585
1452 487
8073 812
2472 875
3942 553
8509 249
8459 896
8733 977
3834 359
6582 932
375 767
8229 778
5450 926
8936 588
9496 527
8393 448
5004 693
376 859
5595 77
9303 765
4677 43
3702 883
3237 175
7708 978
5335 954
5366 8
3569 869
9357 849
9015 207
4087 645
7110 371
298 57
6665 27
3992 738
4793 572
2978 829
7795 194
6993 950
3286 979
7811 844
6251 899
7383 400
2817 463
4634 676
5809 580
6371 4
1664 67
8943 621
1560 858
5921 334
8655 332
3322 918
8603 884
3290 547
6021 764
5714 824
9096 878
6753 465
3317 285
7739 954
5641 564
6862 199
8125 589
9191 118
4472 352
1342 529
6177 377
3489 274
8729 196
4280 701
6671 686
1092 981
8072 849
6160 939
7962 885
6744 204
9462 782
7957 881
4036 286
2335 979
5847 75
3597 57
1144 819
1674 774
7818 804
8416 850
247 415
1772 510
6035 966
5724 785
8614 282
389 858
2469 510
5540 19
4102 900
980 714
8345 621
1363 585
3442 314
7459 196
6644 761
7298 20
3990 803
8674 16
1292 813
9352 252
8135 269
5596 227
7932 224
2056 838
1382 958
9034 652
6274 103
4096 37
7197 901
5083 467
3651 214
6324 95
8680 602
1457 695
1945 135
285 86
1282 352
3503 72
5810 665
1448 917
1995 73
4827 457
7508 14
2704 673
9048 675
3157 521
6959 600
6775 621
3164 81
9097 111
673 429
6644 27
8991 940
1697 314
3478 257
7517 294
3618 556
8883 379
6245 785
8232 383
1434 797
1890 221
6389 585
6916 986
7853 290
818 482
3949 752
7164 502
8279 668
2089 695
1070 394
1137 690
7383 730
299 830
6006 364
2032 381
8833 865
2252 618
1126 270
8595 471
5163 687
246 870
3915 970
1724 567
6664 52
4185 204
6204 442
5633 319
5262 62
4071 780
4045 549
5132 631
3967 413
962 482
7397 188
7730 854
3961 368
8965 734
3247 928
6945 603
6554 182
7508 92
3134 131
4427 620
1995 131
3818 153
3993 301
2226 835
6862 896
9392 409
3016 406
9400 751
453 925
1423 21
7091 490
6929 485
7803 641
3159 630
3681 689
1011 416
4745 894
5432 720
9426 632
871 560
455 250
2228 823
7884 261
5686 334
6225 621
4367 642
8477 18
6932 830
650 196
767 327
4341 401
9049 476
3344 912
690 531
6851 613
6727 792
9397 124
418 974
5476 871
9341 794
276 133
2510 195
5131 446
3821 531
1658 106
1803 532
740 97
7360 332
5596 130
6665 138
613 230
9041 240
4524 922
1293 868
4605 159
5695 793
5245 641
8023 27
7677 914
6113 88
4893 179
1737 86
3921 275
6864 298
8320 799
6314 433
6292 143
8697 94
2827 766
3012 934
9374 217
3002 640
8019 893
7505 123
3381 865
222 272
6415 677
9321 457
6135 503
5983 937
4700 29
7357 624
7659 534
6522 420
1909 485
8505 532
3951 870
8011 485
9147 306
2471 377
5378 953
1063 947
2005 216
8804 519
2443 194
1082 638
8669 330
7946 422
588 828
2118 441
5561 983
1406 237
1632 529
4881 578
8317 565
9150 975
6950 424
854 267
8698 688
1631 976
6604 482
1002 43
2066 260
9029 170
5016 82
2808 312
5689 798
1667 40
5219 788
8632 494
5574 369
2738 213
3280 229
8754 192
608 79
1175 256
319 300
2845 308
4228 315
5228 616
8684 784
2121 721
5229 615
8521 580
6726 978
940 397
475 605
2505 52
1004 369
9473 89
7816 993
6260 296
3375 540
1269 924
5100 879
961 593
8917 336
806 93
8523 198
4405 662
9317 665
4291 79
4415 322
8571 249
6286 615
1592 70
7709 939
8477 747
9252 77
2901 868
8541 245
3736 495
488 311
2502 926
3763 293
7287 282
3663 19
5210 401
9266 93
6684 590
9413 379
6001 694
5298 800
2145 587
9162 151
5061 685
9093 470
8805 600
6591 883
6244 42
9442 511
5004 439
3024 891
4370 69
4061 534
5520 343
2813 331
7901 437
2119 709
6341 16
8241 190
3164 198
1401 968
4727 899
790 118
5703 575
4221 81
5463 476
5636 319
6892 932
3570 988
9019 448
8937 555
7661 253
1524 179
2843 480
7298 838
2048 738
3179 870
8765 265
2204 79
4672 978
3002 455
2343 559
3447 275
2346 334
751 188
2925 30
4797 200
7705 719
1408 671
7705 30
6936 513
1901 855
1426 786
4766 281
6108 877
9414 378
5767 106
5260 58
775 728
3123 799
7969 235
3387 948
7849 582
3514 690
5690 529
3616 202
2554 701
1846 117
1161 282
8151 459
6842 721
741 378
3013 216
8313 893
5628 747
3679 201
1084 528
2643 429
2835 237
5668 193
4600 186
5315 413
2782 646
9116 570
7215 585
1263 563
8833 891
7809 486
1626 416
311 666
4431 9
9476 784
2488 670
307 125
7563 91
3439 381
1110 206
6779 352
1126 861
6006 682
8608 871
6864 972
3151 481
3186 15
3916 528
266 818
7973 403
4521 278
7943 749
4988 696
1801 856
9389 281
4851 201
1544 617
4116 895
2190 12
6174 898
7426 305
1193 184
3761 958
8905 523
3194 543
3891 828
4028 975
5490 850
8982 739
5694 336
6120 53
2376 646
7234 638
5995 836
2772 90
1314 242
1167 828
5301 197
5544 759
6463 918
4803 407
3030 561
7815 458
3973 407
8819 950
8300 42
8338 435
9363 610
612 765
8205 275
8101 461
1706 662
1263 899
6364 944
4741 758
2392 949
523 976
3626 913
7499 394
275 113
6650 617
2058 186
2578 908
6554 981
6585 386
2175 805
1177 525
5599 385
4071 370
5949 498
552 271
4121 117
7716 618
7497 148
3653 430
4657 78
6585 53
3693 445
4057 671
5457 601
8646 262
741 820
9298 836
3627 676
304 308
6410 230
2557 681
4671 420
6112 634
4447 689
7452 883
8612 740
6515 365
9335 105
2705 780
1131 359
8094 78
7678 147
732 386
1385 994
1316 931
3988 716
8669 422
7697 489
1765 0
1215 749
5059 257
9411 273
1869 929
8780 871
1725 65
1516 237
5962 922
927 613
4647 666
5649 156
3895 886
8675 72
770 841
8299 146
258 890
5782 635
8289 659
7041 69
6909 793
996 687
2335 109
1690 60
4989 724
3668 527
1084 454
8351 932
6853 890
2029 406
5451 788
7525 754
6585 766
1674 197
850 854
7060 573
3582 601
5429 264
1807 583
5114 554
5889 191
208 883
6650 796
1431 955
9277 279
4611 357
3974 285
4898 521
8613 116
381 531
7212 654
6617 932
523 122
1629 920
1897 543
3494 973
6336 52
3781 450
4909 896
7912 426
6324 79
5613 859
2556 968
6466 405
8592 859
2154 584
6623 546
3872 899
3311 725
7932 277
3601 643
3868 89
2912 524
9481 197
3202 625
7545 748
4055 559
1388 887
3112 899
1708 109
1495 199
5899 379
3900 84
2508 677
6781 22
5911 512
2365 21
4007 935
6680 522
199 965
7952 628
8351 250
2052 912
7916 318
3945 226
1527 591
2060 877
6679 959
1382 928
8294 406
9056 629
7049 90
3488 536
7820 58
3770 637
9492 673
6882 689
7129 829
6618 338
7746 287
7503 412
9026 50
8409 190
4250 294
1529 262
3833 108
8971 548
1963 873
7057 476
9364 136
785 386
1838 642
1909 923
595 656
8791 718
2452 572
127 706
9516 649
3766 274
7361 82
8724 499
245 619
365 284
5252 666
1158 73
5644 250
9097 986
708 4
2854 601
251 432
4802 719
4117 397
8080 117
6857 173
5692 869
3184 797
8218 307
4893 969
7709 18
2348 467
2327 933
8635 258
1911 238
4552 625
3405 306
3169 596
933 803
1281 156
9417 25
3647 535
1316 427
6299 496
8428 634
2686 974
4852 578
3923 179
2599 565
3584 880
4084 40
3698 707
1630 390
8353 902
7020 88
6805 518
963 85
2837 363
7448 135
5586 505
5386 235
8015 438
8712 366
133 47
4535 610
6037 88
2100 185
1798 129
4164 929
7288 818
6945 681
4919 391
2731 364
1345 58
2671 277
3121 124
994 888
7118 972
3077 560
7287 40
4290 923
5524 479
6404 200
7290 976
6322 591
6693 508
2591 990
3878 993
6370 455
5959 698
3313 997
3116 46
2964 209
5805 406
2467 579
6481 663
3723 237
1327 733
2867 551
1548 542
1552 935
4739 285
5580 489
7477 235
6908 136
3834 883
426 784
6136 922
9190 824
5517 321
6228 578
9353 765
3141 807
3525 303
1850 432
8367 380
1782 571
7261 362
7089 850
1815 237
7680 606
6209 810
5090 5
9101 366
8139 248
2745 176
4270 438
5854 255
8404 679
8442 94
7807 515
8526 587
9471 558
2084 875
5959 596
3863 835
2003 390
7449 754
2893 573
7253 92
4019 857
978 842
2170 97
4387 62
8128 663
9079 951
2728 527
918 813
1031 507
6296 71
2080 576
1995 672
6157 568
3544 293
8795 54
2018 70
2528 598
3897 573
9423 813
1139 248
8516 248
4138 293
3675 497
7428 546
8350 230
4001 686
7804 609
7661 564
4207 158
6119 506
8176 471
2824 295
8143 613
7371 471
2383 846
6539 790
4314 101
4103 559
7872 747
9001 347
1641 809
7577 416
5620 182
298 645
7093 867
2663 37
5227 527
1100 864
2895 38
5011 363
7884 10
1381 147
7026 525
308 261
237 327
5696 309
8447 167
3015 487
3900 254
1821 396
456 249
2275 599
7175 448
4863 383
3285 394
5647 755
1420 913
3243 148
6152 955
7858 296
5110 274
1713 92
7894 850
9025 395
6086 819
9362 614
3267 396
2551 354
700 546
1643 269
1217 646
9094 248
2474 31
2459 521
2321 718
6880 376
1208 662
5993 776
8178 807
7156 973
3957 643
3976 326
3655 354
3893 138
3585 805
4471 59
279 81
9266 83
2144 337
7066 536
6460 852
8309 887
6078 963
1050 610
7043 260
3812 523
7544 561
8210 813
3406 504
2281 527
2605 982
3233 608
4274 917
4918 235
5432 34
6319 139
8505 243
297 731
7423 963
579 78
2970 491
1758 374
6817 459
5149 39
2515 457
986 390
9329 465
5229 169
8762 903
2348 622
3595 856
3766 134
5883 369
4844 691
6104 840
5772 756
8868 442
5656 817
1901 285
6906 58
4073 66
7518 995
1572 268
2996 83
9112 380
5787 479
6407 340
6137 399
8412 641
2756 690
890 923
1954 646
2452 891
1155 178
1385 18
7290 399
1693 411
89 6
4279 749
4811 485
1825 487
3165 185
8491 207
1840 929
3755 160
2650 67
2102 86
2001 466
1859 884
5050 521
4395 349
741 153
7267 673
2133 670
509 700
7966 948
6616 958
8454 194
2845 786
1260 307
2936 693
901 653
3063 764
8384 217
1776 493
7369 101
7788 818
3967 208
859 767
5883 824
9225 200
6793 213
4425 688
8481 358
9301 875
7374 799
3931 368
1991 45
9041 86
2774 422
5889 121
8443 936
5042 802
6575 768
8093 731
3384 310
5378 368
6300 187
8606 734
919 889
4388 957
6824 450
7489 331
732 919
7229 953
9254 483
4983 294
5808 550
9469 475
7345 735
4947 433
7610 535
5685 989
5390 539
3127 377
497 873
7808 834
8755 903
3759 671
5303 891
5106 145
9340 530
6187 762
8500 800
8994 955
1864 903
1942 993
2092 478
788 642
8545 347
7939 297
5089 84
1140 669
268 119
8279 604
5799 697
9051 861
5742 213
5026 38
9293 671
6409 51
7527 879
8971 343
290 216
820 15
3747 588
2322 855
9046 369
2433 680
7325 631
7814 976
5821 96
1117 355
7159 905
6829 947
4627 964
6636 930
8458 859
3771 411
6778 793
3776 66
719 672
8096 756
6473 855
1842 710
8379 718
7207 416
3100 498
4948 129
5817 934
7363 87
4871 895
6250 68
8259 39
7039 647
8151 665
7653 228
1702 967
855 107
1234 423
5177 640
3879 997
8470 42
648 934
4207 805
5002 801
3150 111
6308 249
1744 545
7944 69
5244 582
3619 731
8812 500
4687 791
2798 415
7310 724
7236 991
4046 266
7628 839
4109 210
5194 571
9271 447
7946 885
871 570
7123 314
3552 376
2950 53
754 758
5805 673
7721 845
1257 961
2289 670
2013 588
2748 39
4663 490
5850 546
378 98
2169 788
7544 253
4590 170
4251 660
8342 118
9293 842
7255 168
5212 390
841 924
3146 755
6867 73
3393 103
3033 477
2302 297
4509 378
9194 494
7170 584
9107 773
1618 877
1047 459
1038 299
9097 969
7199 558
8868 450
1882 750
941 902
5427 609
3489 492
6735 807
3540 258
807 532
2245 572
3380 984
3561 575
814 429
457 286
6629 557
7068 741
6227 571
2909 183
3280 679
5354 724
5351 511
290 271
3080 94
6658 863
6070 312
3834 346
1841 278
6187 83
2274 417
1278 118
6769 52
4275 968
6797 967
5686 732
4614 219
5345 903
7595 47
8824 5
1622 908
2818 162
1786 863
7470 382
7217 581
8000 830
2866 476
4830 160
5619 193
3677 689
2274 775
6837 897
5796 603
2494 115
3793 67
1341 844
5953 818
6800 990
5621 73
1225 842
1063 759
9340 146
4449 951
3722 902
8465 148
309 517
8453 933
6648 478
5742 445
495 262
3801 894
1989 65
8495 907
219 923
7794 403
4908 265
8806 18
4967 617
7197 66
4489 804
7491 243
3576 501
9010 742
4536 111
3997 717
792 409
7803 716
5431 705
2721 702
1961 727
5170 855
693 431
4490 714
1286 68
3968 495
2805 907
3356 131
8817 55
2301 542
2652 271
3455 751
3223 761
7828 892
3031 418
5345 659
7948 400
2140 828
6914 625
2486 626
5901 796
8086 232
1988 195
4975 813
4047 541
4618 713
2270 691
8748 236
7072 918
7916 97
4584 378
5511 450
9119 830
1990 74
3843 786
1443 133
318 867
8471 660
7141 375
2413 648
9024 368
5631 751
9092 212
1590 528
3960 38
7737 806
5875 618
9160 659
4652 118
4304 507
4273 137
866 707
5514 73
7111 831
8405 740
3702 987
7024 872
9510 795
7431 556
2591 136
4759 442
9100 685
5460 185
8821 731
4907 170
3095 100
5996 671
1814 815
7732 169
495 267
7843 662
7896 831
3835 201
9395 653
8635 959
8715 591
1239 801
3740 749
6448 788
6938 90
8465 389
5996 43
5102 448
3630 513
9404 627
3136 447
3776 332
5467 943
4942 191
280 156
532 308
6039 694
7120 386
5556 486
8804 397
1944 370
4893 277
7403 780
4662 450
7790 100
6842 777
4392 324
7531 213
5523 79
5223 266
8936 59
3936 684
6938 668
8289 706
8143 964
8071 137
9113 527
2330 930
4316 71
4953 204
698 469
9140 607
3435 554
9255 758
2851 196
8592 290
3898 199
7307 421
3888 649
9416 551
1033 76
3181 613
9318 342
5649 858
9376 701
3681 867
8247 896
1161 261
6848 512
6401 332
9525 474
6421 396
2745 716
6754 337
5536 94
4901 893
8624 894
4123 501
3655 899
9232 9
2914 731
2603 891
1791 759
9242 314
1088 487
7884 36
7402 997
6008 589
2844 67
8292 855
1486 752
613 933
6124 933
5545 157
1360 946
2427 885
