50 50
0 31
F 1 T 3 F 10 T 1 F 14 T 3 F 1 T 1 F 12 T 3 F 14 T 3 F 5 T 1 F 1 T 3 F 12 T 1 F 4 T 1 F 30 T 1 F 10 T 1 F 1 T 3 F 13 T 3 F 5 T 1 F 6 T 1 F 8 T 3 F 6 T 1 F 4 T 3 F 2 T 1 F 1 T 3 F 4 T 3 F 14 T 1 F 1 T 1 F 29 T 3 F 4 T 1 F 3 T 1 F 12 T 1 F 6 T 3 F 1 T 1 F 4 T 3 F 11 T 3 F 3 T 1 F 10 T 3 F 18 T 1 F 6 T 1 F 4 T 1 F 19 T 3 F 28 T 3 F 16 T 1 F 13 T 1 F 9 T 3 F 2
0.5
505
6
7
7
5
6
5
7
7
5
7
22
20
22
22
20
21
22
20
22
21
21
20
22
21
22
21
21
22
21
37
36
36
36
36
37
37
37
35
35
36
37
37
37
37
36
37
36
36
36
35
36
37
36
37
35
36
36
51
51
50
51
50
50
50
51
52
52
50
51
52
51
50
50
52
50
51
50
50
50
52
52
51
52
50
50
50
52
50
50
51
52
51
50
50
65
67
67
66
65
65
65
66
65
67
65
65
67
67
66
66
67
66
66
66
66
65
66
67
65
67
65
65
67
65
66
67
65
66
66
66
66
66
67
67
65
67
66
65
65
65
80
80
82
82
82
81
81
80
82
81
81
82
80
81
82
80
82
80
82
80
81
80
80
80
81
81
82
81
82
81
80
81
81
80
80
80
80
80
82
81
82
82
81
82
81
82
81
81
80
82
82
81
82
82
81
96
97
95
97
96
97
97
97
96
97
95
95
95
97
95
96
97
96
95
97
97
95
96
96
95
96
97
97
96
96
95
95
95
95
97
95
97
95
97
95
95
95
97
96
96
95
95
95
95
95
95
95
95
95
95
95
96
95
96
95
96
95
96
95
112
112
110
110
111
111
110
111
110
112
111
111
110
110
110
111
111
111
110
112
112
111
112
110
110
111
112
110
110
111
111
111
112
110
110
111
112
112
111
111
111
112
110
112
112
110
110
110
112
112
110
111
112
111
112
111
110
112
110
111
112
110
111
111
112
112
112
110
110
110
112
112
111
125
126
125
125
125
127
126
126
125
126
125
127
125
125
125
126
127
126
126
126
125
125
127
125
125
126
126
127
126
127
126
125
125
125
127
127
127
125
127
126
126
127
126
127
126
125
125
127
126
126
127
127
126
125
127
125
126
127
126
125
125
127
126
125
126
127
125
127
126
126
127
127
126
126
126
125
125
126
126
127
127
127
142
140
142
142
142
141
142
142
141
142
140
140
141
141
142
142
142
140
140
140
141
141
141
142
140
140
141
142
140
140
141
141
140
140
141
141
142
142
142
140
142
142
141
140
141
141
142
141
140
140
142
142
141
140
142
142
142
142
141
142
141
140
140
141
140
141
142
141
141
140
141
142
142
141
140
141
140
142
142
141
142
141
140
140
141
142
142
141
142
141
142
100
350 333
403 351
748 140
482 218
301 185
619 168
539 3
530 376
195 403
742 333
170 489
154 273
222 474
617 309
229 220
412 461
704 396
369 264
331 320
507 458
264 46
227 239
466 26
621 96
195 189
579 230
510 482
405 246
634 379
338 334
434 188
724 59
344 297
116 125
542 83
140 490
150 362
336 426
758 451
724 237
453 493
678 40
760 492
536 107
539 55
535 409
531 202
406 406
560 150
268 226
120 56
576 188
515 474
456 182
477 297
177 457
272 146
524 170
137 311
730 375
185 186
368 107
128 272
157 414
528 351
635 302
165 95
391 95
677 116
300 483
482 215
688 28
735 162
93 68
173 404
304 11
628 484
662 137
192 235
326 415
110 106
297 419
223 50
484 44
149 400
295 300
212 170
438 226
649 318
555 334
182 163
391 416
327 347
510 222
738 390
556 468
679 139
444 58
417 293
131 137
