100 100
0 26
F 1 T 3 F 11 T 1 F 2 T 3 F 12 T 1 F 2 T 1 F 15 T 3 F 14 T 1 F 21 T 1 F 15 T 3 F 9 T 3 F 27 T 1 F 14 T 3 F 11 T 1 F 8 T 3 F 4 T 1 F 13 T 1 F 14 T 1 F 4 T 3 F 12 T 1 F 2 T 3 F 5 T 1 F 10 T 1 F 43 T 3 F 2 T 1 F 10 T 3 F 15 T 1 F 13 T 3 F 4 T 1 F 2 T 3 F 10 T 1 F 4 T 3 F 15 T 1 F 7 T 3 F 10 T 3 F 18 T 1 F 1 T 3 F 19 T 3 F 35 T 1 F 9 T 3 F 10 T 3 F 41 T 3 F 12 T 1 F 10
60.0 1.5
200
34
72
70
38
70
72
81
55
98
91
98
93
79
99
91
99
87
53
85
68
88
58
34
26
45
97
17
51
73
89
97
94
97
51
67
66
20
78
53
97
48
65
66
91
100
72
67
87
22
76
82
78
94
50
62
74
44
81
51
22
80
95
73
49
90
66
76
58
72
29
41
68
93
92
48
54
25
74
14
98
27
39
83
98
92
25
22
76
86
69
70
90
40
79
81
52
57
22
76
42
84
93
96
86
69
93
45
48
82
60
78
45
95
68
67
32
24
99
49
99
55
99
46
83
57
65
44
25
72
73
99
68
95
95
5
12
33
56
33
94
40
55
50
92
98
96
47
65
58
92
88
73
47
45
52
78
48
94
82
57
95
47
88
9
78
65
70
90
97
86
79
95
54
94
54
85
98
59
55
39
33
39
37
32
51
51
78
72
83
98
35
71
98
14
66
93
60
19
51
72
15.0 4
20
40 82
55 44
84 54
93 20
8 17
10 17
58 38
11 38
41 65
43 66
17 78
18 20
53 54
84 39
25 47
58 11
56 36
86 12
84 10
73 54
