1000 1000
0 194
F 1 T 3 F 65 T 1 F 173 T 3 F 87 T 1 F 692 T 1 F 117 T 3 F 112 T 1 F 236 T 1 F 13 T 3 F 4 T 1 F 54 T 3 F 69 T 1 F 71 T 3 F 170 T 3 F 50 T 1 F 193 T 1 F 329 T 1 F 24 T 3 F 113 T 1 F 60 T 3 F 223 T 1 F 21 T 3 F 65 T 1 F 254 T 3 F 148 T 1 F 122 T 1 F 103 T 3 F 41 T 3 F 109 T 3 F 94 T 3 F 433 T 1 F 81 T 3 F 26 T 1 F 253 T 1 F 331 T 3 F 61 T 1 F 113 T 1 F 321 T 1 F 513 T 3 F 120 T 1 F 89 T 1 F 607 T 3 F 376
67.5 1.6875
1000
148
216
233
235
113
235
89
50
193
191
233
185
123
159
166
102
125
198
63
218
262
159
299
224
263
158
250
235
268
178
222
73
265
31
176
244
229
205
28
275
249
120
245
265
273
278
129
128
272
267
217
226
275
162
219
233
50
256
133
294
95
275
260
282
268
190
134
134
129
114
45
190
297
77
202
128
164
271
104
278
201
264
222
147
30
298
211
230
241
181
111
166
282
260
266
91
276
211
287
171
240
240
151
255
247
207
138
200
238
68
71
297
147
184
167
192
296
287
267
183
235
201
288
221
283
223
89
256
270
275
261
19
252
159
263
229
166
241
152
209
97
113
185
133
210
256
230
283
118
256
268
271
272
179
130
267
189
246
130
293
114
220
80
98
260
250
55
299
215
300
255
229
109
244
296
114
252
256
253
267
169
177
207
255
199
112
224
77
78
265
254
198
69
298
58
252
65
252
26
75
136
132
156
293
225
248
188
85
43
191
224
287
129
233
129
262
241
252
86
286
282
235
124
224
94
181
262
175
160
285
250
295
193
214
295
207
293
224
194
153
146
61
25
47
234
234
282
130
233
75
159
75
296
151
33
178
130
265
267
189
288
278
286
210
242
260
197
78
162
137
157
202
110
273
190
214
217
135
84
80
230
250
236
204
223
131
160
88
289
287
216
198
285
252
241
243
271
201
282
81
225
294
234
227
299
151
87
277
189
57
185
286
257
199
157
21
265
76
251
261
130
110
298
215
94
211
289
192
245
84
274
122
146
118
273
246
247
288
176
75
262
293
223
300
200
295
201
116
98
110
262
187
178
255
245
131
252
147
290
267
194
278
106
269
219
75
236
219
185
174
273
255
282
134
242
214
224
145
193
93
102
298
286
155
188
179
186
260
236
251
134
206
230
279
242
121
182
198
104
81
298
115
233
246
291
215
237
287
189
194
27
144
217
68
133
143
155
285
160
193
252
161
234
156
290
139
148
150
211
209
148
222
212
114
72
211
144
260
126
275
293
114
66
207
91
235
245
81
158
218
136
7
166
264
197
129
275
129
218
281
224
93
280
186
99
224
164
161
282
185
76
122
219
44
291
153
249
271
177
264
152
223
111
191
269
130
32
259
206
277
147
224
168
207
152
217
107
108
59
204
105
150
298
210
230
300
287
234
188
294
236
95
168
111
276
278
210
169
248
248
259
243
189
284
224
241
256
241
283
236
93
43
264
175
177
243
80
142
102
94
120
185
294
147
60
176
204
257
105
161
283
233
110
217
242
54
92
260
210
171
291
272
292
149
299
208
300
272
131
84
265
268
216
278
264
130
272
149
228
284
65
150
241
270
171
196
136
191
207
264
223
126
290
237
224
296
199
177
167
70
212
170
36
230
259
144
199
166
60
159
25
168
222
66
186
275
177
129
215
60
296
254
198
165
139
213
194
19
247
215
174
289
236
192
214
212
134
282
281
242
188
126
157
72
69
60
251
26
196
232
212
223
154
216
93
262
296
232
89
90
298
238
282
132
149
274
240
229
248
120
60
263
170
215
287
210
236
252
228
253
100
193
181
252
279
180
280
156
299
140
18
227
86
246
279
287
269
151
247
195
72
151
180
258
270
225
76
232
296
174
119
59
92
246
132
110
287
243
242
143
131
221
299
257
27
156
41
129
218
195
279
267
225
231
247
130
55
252
160
128
113
173
232
299
295
238
216
289
220
244
233
130
39
179
208
203
203
274
289
174
120
193
227
108
157
74
142
142
295
200
299
268
166
178
237
231
199
271
290
215
256
270
124
66
267
65
202
285
156
279
211
237
213
262
200
239
228
89
227
122
283
118
169
261
283
295
278
279
220
111
204
261
146
209
155
170
39
79
120
213
189
218
95
292
189
269
278
201
296
277
194
180
130
180
150
48
170
184
168
228
218
128
185
163
295
218
216
190
220
240
128
85
295
253
290
275
157
124
144
264
201
250
209
72
253
251
261
107
263
66
208
245
239
138
139
99
299
299
269
247
180
262
280
144
254
38
238
107
250
224
93
216
280
269
261
178
239
244
252
119
275
83
253
193
265
243
152
151
41
206
188
282
72
273
210
122
222
260
151
150
217
184
60
133
258
275
233
247
268
64
158
227
298
102
215
180
275
245
256
286
198
235
69
176
235
284
170
248
249
257
152
221
75
111
229
187
287
286
273
30
228
224
188
266
289
137
245
135
98
216
96
105
216
136
285
244
82
103
253
229
198
292
255
283
133
82
229
173
119
190
162
142
263
90
93
170
158
287
242
265
15.0 4
30
610 830
624 837
65 310
624 459
535 367
979 189
91 473
624 591
889 807
11 449
624 774
161 529
123 478
912 446
456 738
622 937
42 799
624 940
13 407
488 41
865 140
891 797
449 758
935 965
688 963
715 965
966 158
503 41
96 471
622 629
