50 50
0 31
F 1 T 3 F 10 T 1 F 14 T 3 F 1 T 1 F 12 T 3 F 14 T 3 F 5 T 1 F 1 T 3 F 12 T 1 F 4 T 1 F 30 T 1 F 10 T 1 F 1 T 3 F 13 T 3 F 5 T 1 F 6 T 1 F 8 T 3 F 6 T 1 F 4 T 3 F 2 T 1 F 1 T 3 F 4 T 3 F 14 T 1 F 1 T 1 F 29 T 3 F 4 T 1 F 3 T 1 F 12 T 1 F 6 T 3 F 1 T 1 F 4 T 3 F 11 T 3 F 3 T 1 F 10 T 3 F 18 T 1 F 6 T 1 F 4 T 1 F 19 T 3 F 28 T 3 F 16 T 1 F 13 T 1 F 9 T 3 F 2
40.0 1.0
505
6
7
7
5
6
5
7
7
5
7
22
20
22
22
20
21
22
20
22
21
21
20
22
21
22
21
21
22
21
37
36
36
36
36
37
37
37
35
35
36
37
37
37
37
36
37
36
36
36
35
36
37
36
37
35
36
36
51
51
50
51
50
50
50
51
52
52
50
51
52
51
50
50
52
50
51
50
50
50
52
52
51
52
50
50
50
52
50
50
51
52
51
50
50
65
67
67
66
65
65
65
66
65
67
65
65
67
67
66
66
67
66
66
66
66
65
66
67
65
67
65
65
67
65
66
67
65
66
66
66
66
66
67
67
65
67
66
65
65
65
80
80
82
82
82
81
81
80
82
81
81
82
80
81
82
80
82
80
82
80
81
80
80
80
81
81
82
81
82
81
80
81
81
80
80
80
80
80
82
81
82
82
81
82
81
82
81
81
80
82
82
81
82
82
81
96
97
95
97
96
97
97
97
96
97
95
95
95
97
95
96
97
96
95
97
97
95
96
96
95
96
97
97
96
96
95
95
95
95
97
95
97
95
97
95
95
95
97
96
96
95
95
95
95
95
95
95
95
95
95
95
96
95
96
95
96
95
96
95
112
112
110
110
111
111
110
111
110
112
111
111
110
110
110
111
111
111
110
112
112
111
112
110
110
111
112
110
110
111
111
111
112
110
110
111
112
112
111
111
111
112
110
112
112
110
110
110
112
112
110
111
112
111
112
111
110
112
110
111
112
110
111
111
112
112
112
110
110
110
112
112
111
125
126
125
125
125
127
126
126
125
126
125
127
125
125
125
126
127
126
126
126
125
125
127
125
125
126
126
127
126
127
126
125
125
125
127
127
127
125
127
126
126
127
126
127
126
125
125
127
126
126
127
127
126
125
127
125
126
127
126
125
125
127
126
125
126
127
125
127
126
126
127
127
126
126
126
125
125
126
126
127
127
127
142
140
142
142
142
141
142
142
141
142
140
140
141
141
142
142
142
140
140
140
141
141
141
142
140
140
141
142
140
140
141
141
140
140
141
141
142
142
142
140
142
142
141
140
141
141
142
141
140
140
142
142
141
140
142
142
142
142
141
142
141
140
140
141
140
141
142
141
141
140
141
142
142
141
140
141
140
142
142
141
142
141
140
140
141
142
142
141
142
141
142
5.0 7
5
28 15
35 26
14 37
3 14
12 46
